Poll 0 (64607)
	0 (413134): 0
	1 (413134): 0
	2 (413134): 0
	3 (413134): 0
	4 (413134): 0
	5 (413134): 0
	6 (413134): 0
	7 (413134): 0
	8 (413134): 0
	9 (413134): 0
	10 (413134): 0
	11 (413134): 0
	12 (413134): 0
	13 (413134): 0
	14 (413134): 0
	15 (413134): 0
	16 (413134): 0
	17 (413134): 0
	18 (413134): 0
	19 (413134): 0
	20 (413134): 0
	21 (413134): 0
	22 (413134): 0
	23 (413134): 0
	24 (413134): 0
	25 (413134): 0
	26 (413134): 0
	27 (413134): 0
	28 (413134): 0
	29 (413134): 0
	30 (413134): 0
	31 (413134): 0
	32 (413134): 0
	33 (413134): 0
	34 (413134): 0
	35 (413134): 0
	36 (413134): 0
	37 (413134): 0
	38 (413134): 0
	39 (413134): 0
	40 (413134): 0
	41 (413134): 0
	42 (413134): 0
	43 (413134): 0
	44 (413134): 0
	45 (413134): 0
	46 (413134): 0
	47 (413134): 0
	48 (413134): 0
	49 (413134): 0
	50 (413134): 413134

Poll 1 (413134)
	0 (413134): 0
	1 (413134): 0
	2 (413134): 0
	3 (413134): 0
	4 (413134): 0
	5 (413134): 0
	6 (413134): 0
	7 (413134): 0
	8 (413134): 0
	9 (413134): 0
	10 (413134): 0

